hash,author_name,author_email,commit_ts_utc,dt_prev_commit_sec,dt_prev_author_sec,files_changed,insertions,deletions,is_merge,dirs_touched,file_types,msg_subject,batch_id
ddf8bc3fbac7aefbf557e2e4a3e14d8de1b80872,Joseph Savona,6425824+josephsavona@users.noreply.github.com,1754078401,,,48,401,733,False,1,"ts,md",[compiler] Improve merging of scopes that invalidate together (#34049),0
0860b9cc1f4a7188b41204bddc57a127a8bbf6e9,Joseph Savona,6425824+josephsavona@users.noreply.github.com,1754078389,-12.0,,17,818,0,False,1,"ts,js,md",[compiler] Add definitions for Object entries/keys/values (#34047),0
538ac7ae4b918136c5bd7d15ada19439d15f8080,Sebastian Markbåge,sebastian@calyptus.eu,1754077488,-901.0,,2,54,1,False,1,js,[Flight] Fix debug info leaking to outer handler (#34081),0
52612a7cbdd8e1fee9599478247f78725869ebad,lauren,poteto@users.noreply.github.com,1754075434,-2054.0,,4,148,6,False,1,"ts,md",[compiler] Emit more specific error when making identifiers with reserved words (#34080),0
bdb4a96f628d3b426d3c79fbd598ec35c05835a3,"Sebastian ""Sebbie"" Silbermann",sebastian.silbermann@vercel.com,1754063365,-12069.0,,1,49,26,False,1,js,[DevTools] Lazily compute initial Tree state (#34078),0
c260b38d0a082641342fc45ff5ac96e32f764f20,Sebastian Markbåge,sebastian@calyptus.eu,1753972231,-91134.0,,1,2,0,False,1,js,[DevTools] Clean up Virtual Instances from id map (#34063),0
5bbf9be2468ee80ee4558d4afa8570d8582866bd,Sebastian Markbåge,sebastian@calyptus.eu,1753972210,-21.0,,2,142,96,False,1,js,[DevTools] Model Hidden Offscreen Boundaries as Unmounts (#34062),0
8de7aed8927d87a9e7e838f5d8ae28d5c30805d3,Josh Story,story@hey.com,1753924737,-47473.0,,2,61,0,False,1,js,[Fizz] Count Boundary bytes that may contribute to the preamble in the request byteSize (#34059),0
98773466ce6736a5ffb7e54c1f4b44645ac18a80,Josh Story,story@hey.com,1753924007,-730.0,,2,43,1,False,1,js,[Fizz] Don't outline Boundaries that may contribute to the preamble (#34058),0
9784cb379e249a5495cde5ba3037521207144e91,Sebastian Markbåge,sebastian@calyptus.eu,1753889487,-34520.0,,1,32,29,False,1,js,[DevTools] No suspending above the root (#34055),0
dcf2a6f6651c0791c2e87253a8815fcf3d53e4d2,Sebastian Markbåge,sebastian@calyptus.eu,1753883709,-5778.0,,1,340,18,False,1,js,[DevTools] Keep a Suspense Tree Parellel to the Instance tree in the Backend (#34050),0
36c63d4f9c987899d075fe9befbd25edc40bc75c,"Sebastian ""Sebbie"" Silbermann",sebastian.silbermann@vercel.com,1753852338,-31371.0,,3,620,4,False,1,"css,js",[DevTools] Layout for Suspense tab (#34042),0
88b40f6e41004773f19d37827980c66a8cf1865b,Joseph Savona,6425824+josephsavona@users.noreply.github.com,1753817429,-34909.0,,2,2,2,False,2,ts,Enable ref validation in linter (#34044),0
04a7a61918522734a083bff37843865d7815d466,Joseph Savona,6425824+josephsavona@users.noreply.github.com,1753811846,-5583.0,,6,196,19,False,1,"ts,js,md",[compiler] Allow assigning ref-accessing functions to objects if not mutated (#34026),0
c2326b1336e38a52899fad6c2ddbb71ea7ddd3ee,Joseph Savona,6425824+josephsavona@users.noreply.github.com,1753811764,-82.0,,7,176,1,False,1,"ts,js,md","[compiler] disallow ref access in state initializer, reducer/initializer (#34025)",0
4395689980a3e7d771675c99e4de42f40ea5bf0d,Joseph Savona,6425824+josephsavona@users.noreply.github.com,1753811593,-171.0,,3,107,8,False,1,"ts,js,md",[compiler] ref guards apply up to fallthrough of the test (#34024),0
6891dcb87db831db17ab109730dea63706875dd7,Joseph Savona,6425824+josephsavona@users.noreply.github.com,1753811470,-123.0,,22,200,161,False,1,"ts,js,md,tsx",[compiler] treat ref-like identifiers as refs by default (#34005),0
3f40eb73a8de2823ea5cab39496faef33aa3f2b1,Joseph Savona,6425824+josephsavona@users.noreply.github.com,1753808783,-2687.0,,5,161,1,False,1,"ts,js,md",[compiler] Allow passing refs to render helpers (#34006),0
1d7e942da76c794c3cbf52a8c214d90a69814a8f,Joseph Savona,6425824+josephsavona@users.noreply.github.com,1753808771,-12.0,,4,85,5,False,1,"ts,js,md",[compiler] Allow mergeRefs pattern (and detect refs passed as ref prop) (#34004),0
79dc706498c4f8ef077167898492693197e1b975,Joseph Savona,6425824+josephsavona@users.noreply.github.com,1753808608,-163.0,,34,270,192,False,1,"ts,md",[compiler] Improve ref validation error message (#34003),0
85bbe39ef8e24a192b5e9f2987b1babf8ce772e1,Joseph Savona,6425824+josephsavona@users.noreply.github.com,1753808268,-340.0,,12,114,40,False,1,"ts,js,md",[compiler] Fixes to enableTreatRefLikeIdentifiersAsRefs (#34000),0
820af2097103309fdc5675d2bde744103a439eff,lauren,poteto@users.noreply.github.com,1753806822,-1446.0,,2,65,3,False,1,"ts,js",[eslint] Disallow use within try/catch blocks (#34040),0
9be531cd37f5558c72f7de360eb921b0074e8544,Sebastian Markbåge,sebastian@calyptus.eu,1753804212,-2610.0,,4,37,77,False,1,js,[Fiber] Treat unwrapping React.lazy more like a use() (#34031),0
b1cbb482d59d5b756294c3409fded141e809f080,"Sebastian ""Sebbie"" Silbermann",sebastian.silbermann@vercel.com,1753803900,-312.0,,4,67,68,False,1,"css,js",[DevTools] More robust resize handling (#34036),0
9c9136b4415f0288bcff236f488b5961dfb1dd12,"Sebastian ""Sebbie"" Silbermann",sebastian.silbermann@vercel.com,1753802615,-1285.0,,3,9,2,False,1,"css,js",[DevTools] Swap Components tab layout based on container size (#34035),0
33a2bf78c47bf3298655908eec123f5fedbebcc7,"Sebastian ""Sebbie"" Silbermann",sebastian.silbermann@vercel.com,1753780727,-21888.0,,1,25,1,False,1,js,[DevTools] Silence unactionable bundle warnings in shell (#34034),0
5d7e8b90e29c0f3c995b52d493a0f70dd7d72f3f,Sebastian Markbåge,sebastian@calyptus.eu,1753775156,-5571.0,,19,743,704,False,1,js,[DevTools] Use use() instead of throwing a Promise in Caches (#34033),0
71236c940952410b4655a673b0fe3f897d4baf04,Sebastian Markbåge,sebastian@calyptus.eu,1753729864,-45292.0,,8,158,68,False,1,"css,js",[DevTools] Include the description derived from the promise (#34017),0
7ee7571212bc02354b852752a98b23bc90546fdf,lauren,poteto@users.noreply.github.com,1753724534,-5330.0,,3,3,0,False,2,"ts,tsx",[compiler] Enable validateNoVoidUseMemo in eslint & playground (#34022),0
6b22f31f1ac88cce1b38c67a5c97c7ab0e832823,lauren,poteto@users.noreply.github.com,1753723525,-1009.0,,3,80,29,False,1,"ts,md",[compiler] Aggregate all errors reported from DropManualMemoization (#34002),0
b5c16371091c1abbf77ec944c755bd139abc7568,lauren,poteto@users.noreply.github.com,1753721683,-1842.0,,5,94,169,False,1,"ts,md",[compiler] Reuse DropManualMemoization for ValidateNoVoidUseMemo (#34001),0
c60eebffea94a67f35c6ebbf7019e5b2145d4284,lauren,poteto@users.noreply.github.com,1753721202,-481.0,,14,416,0,False,1,"ts,js,md",[compiler] Add new ValidateNoVoidUseMemo pass (#33990),0
5dd622eabe38e01781b3699d0d81c4a16e302f09,lauren,poteto@users.noreply.github.com,1753721190,-12.0,,6,19,1,False,1,ts,"[compiler] Disambiguate between void, implicit, and explicit returns (#33989)",0
904989f044d122ea332b7ee08185fcdc3424a40b,dan,dan.abramov@me.com,1753720343,-847.0,,1,1,3,False,0,md,Clean up 19.1.1 changelog (#34023),0
ab2681af0305aa1f7451bd15524d4d783dd78f69,"Sebastian ""Sebbie"" Silbermann",sebastian.silbermann@vercel.com,1753720015,-328.0,,9,169,7,False,1,js,[DevTools] Skeleton for Suspense tab (#34020),0
101b20b663cc866ad4c0102413bbf7cb111451b1,Sebastian Markbåge,sebastian@calyptus.eu,1753719753,-262.0,,3,86,3,False,1,"css,js",[DevTools] Add a little bar indicating time span of an async entry relative to others (#34016),0
eaee5308cc68232c4380e62dc73f512b2c50ab96,Jack Pope,jackpope1@gmail.com,1753718996,-757.0,,1,7,0,False,0,md,Add changelog entry for 19.1.1 (#34021),0
4a58b63865c5c732012fe4746e2b54fdc165990e,Sebastian Markbåge,sebastian@calyptus.eu,1753718756,-240.0,,16,678,159,False,1,"css,js","[DevTools] Add ""suspended by"" Section to Component Inspector Sidebar (#34012)",0
cc015840ef72d48de86778785894c7ca44f4f856,Hiroshi Ogawa,hi.ogawa.zz@gmail.com,1753691768,-26988.0,,2,81,6,False,1,js,fix: `React.use` inside `React.lazy`-ed component on SSR (#33941),0
19baee813cb08fc5971a3b301814faa6cd530ec8,"Sebastian ""Sebbie"" Silbermann",sebastian.silbermann@vercel.com,1753470275,-221493.0,,1,3,2,False,1,ts,[Runtime] Fix CI (#33999),0
2aa5f9d4e3f961c6ec2c14f80403d35b7f2fe83e,Joseph Savona,6425824+josephsavona@users.noreply.github.com,1753463289,-6986.0,,4,171,2,False,1,"ts,js,md","[compiler] fix false positive ""mutate frozen"" validation with refs (#33993)",0
8c587a2a411fd6bd9d82b17ff1030eb263c564a1,Joseph Savona,6425824+josephsavona@users.noreply.github.com,1753463275,-14.0,,3,10,5,False,1,"ts,md",[compiler] clarify text for setState-in-effect error (#33991),0
12483a119bf21ab69f9837f65b6bed2ba55cb73e,Joseph Savona,6425824+josephsavona@users.noreply.github.com,1753463244,-31.0,,17,483,106,False,1,"ts,js,md",[compiler] Fix for edge cases of mutation of potentially frozen values (#33984),0
b2c30493ce891d6e066667aa4a49c51837deaebc,Sebastian Markbåge,sebastian@calyptus.eu,1753453647,-9597.0,,6,71,50,False,1,js,[DevTools] Use the hard coded url instead of the local storage url for presets (and make VSCode defa,0
36c2bf5c3e7cd2f804c04d261b675c14d09dcf14,Sebastian Markbåge,sebastian@calyptus.eu,1753453629,-18.0,,4,94,7,False,1,js,[DevTools] Allow all file links in Chrome DevTools to open in external editor (#33985),0
190758e6236938283b51dce7d3fd21af6801a470,Sebastian Markbåge,sebastian@calyptus.eu,1753453260,-369.0,,2,6,3,False,1,js,[DevTools] Add column to vscode editor preset (#33994),0
b1a6f03f8af2b5ce5ee466d89d218606089c0395,Sebastian Markbåge,sebastian@calyptus.eu,1753453149,-111.0,,1,13,0,False,1,js,[DevTools] Rerender when the browser theme changes (#33992),0
142fd27bf6e1b46c554d436509bdf9b70f7ef042,Sebastian Markbåge,sebastian@calyptus.eu,1753453003,-146.0,,24,274,140,False,1,"css,ts,js",[DevTools] Add Option to Open Local Files directly in External Editor (#33983),0
7ca2d4cd2e263f1923d958b16797d20d3efbc194,"Sebastian ""Sebbie"" Silbermann",sebastian.silbermann@vercel.com,1753439550,-13453.0,,3,12,12,False,1,js,Work around Chrome DevTools crash on `performance.measure` (#33997),0
99be14c883c5c83c9a087d37e19d93d6afb839ed,Sebastian Markbåge,sebastian@calyptus.eu,1753433986,-5564.0,,4,83,50,False,1,js,[Flight] Promote enableAsyncDebugInfo to stable without enableComponentPerformanceTrack (#33996),0
5a04619f60221d9132f64f25b5a87b04c78fc7dc,Josh Story,story@hey.com,1753411111,-22875.0,,2,44,1,False,1,js,[Flight] Properly close stream when no chunks need to be written after prerender (#33982),0
129aa85e1621f31d382d3b8bf7a5aa456daf3d59,Joseph Savona,6425824+josephsavona@users.noreply.github.com,1753397664,-13447.0,,12,40,35,False,1,"txt,ts,md,tsx","[compiler] Use diagnostic for ""found suppression"" error (#33981)",0
bcea86945cd5324f1a7f324a48fd2c7cb36e569b,Joseph Savona,6425824+josephsavona@users.noreply.github.com,1753397565,-99.0,,3,99,21,False,1,"ts,tsx",[compiler][rfc] Enable more validations in playground. (#33777),0
2ae8b3dacf2cd93900d86bc11f22768d507ddce7,Joseph Savona,6425824+josephsavona@users.noreply.github.com,1753397276,-289.0,,6,72,34,False,1,"ts,tsx",[compiler] Use new diagnostic printing in playground (#33767),0
7f510554adce7312c51139e26aa381f08ad886a2,Joseph Savona,6425824+josephsavona@users.noreply.github.com,1753397117,-159.0,,300,640,684,False,1,"ts,md",[compiler] Cleanup diagnostic messages (#33765),0
a39da6c61feb5d10c988ddb55b7451a5af165783,Joseph Savona,6425824+josephsavona@users.noreply.github.com,1753396988,-129.0,,61,312,349,False,1,"ts,md",[compiler] Use new diagnostics for core inference errors (#33760),0
48bc166428404c948315d98d02fe69533956e319,Joseph Savona,6425824+josephsavona@users.noreply.github.com,1753396793,-195.0,,33,191,209,False,1,"ts,md",[compiler] Update diagnostics for ValidatePreservedManualMemoization (#33759),0
72848027a5525d7beebeccb0a485f4f211a1a101,Joseph Savona,6425824+josephsavona@users.noreply.github.com,1753396782,-11.0,,41,324,262,False,1,"ts,md",[compiler] Improve more error messages (#33758),0
707e321f8f1ba3f69d27df861caf630fe48aade6,Joseph Savona,6425824+josephsavona@users.noreply.github.com,1753396626,-156.0,,300,3560,626,False,1,"ts,md",[compiler][wip] Improve diagnostic infra (#33751),0
0d39496eab710b5a3efc07d34c0db3f2475c04f8,Joseph Savona,6425824+josephsavona@users.noreply.github.com,1753396614,-12.0,,2,12,0,False,2,ts,[compiler] Enable additional lints by default (#33752),0
6f4294af9b97c7082289f067315affe2ccf0ed7a,Joseph Savona,6425824+josephsavona@users.noreply.github.com,1753396600,-14.0,,12,33,27,False,1,"ts,js,md",[compiler] Validate against setState in all effect types (#33753),0
448f781a52d62042341d2411d1352d705ce2cbfe,Joseph Savona,6425824+josephsavona@users.noreply.github.com,1753395388,-1212.0,,8,291,23,False,1,"ts,js,md",[compiler] Fix for false positive mutation of destructured spread object (#33786),0
5020d48d2809c33db980f20726d1d0a7b2c8e31a,Sebastian Markbåge,sebastian@calyptus.eu,1753393326,-2062.0,,1,1,1,False,1,js,[DevTools] Feature detect createSidebarPane (#33988),0
3082604bdc03cfd8cee35e54dbb10caef956937e,Sebastian Markbåge,sebastian@calyptus.eu,1753393092,-234.0,,1,2,2,False,1,js,[DevTools] Feature detect sources panel (#33987),0
4f34cc4a2e1198493375867d1876509ae9771aee,Sebastian Markbåge,sebastian@calyptus.eu,1753378383,-14709.0,,3,6,9,False,1,js,[Fiber] Don't throw away the Error object retaining the owner stack (#33976),0
3d14fcf03f4e296d21b52b362f5adefd9e366375,Sebastian Markbåge,sebastian@calyptus.eu,1753369631,-8752.0,,4,9,9,False,1,js,[Flight] Use about: protocol instead of rsc: protocol for fake evals (#33977),0
edac0dded99d56e7d66a88da83e874761e3e937a,Sebastian Markbåge,sebastian@calyptus.eu,1753280891,-88740.0,,15,496,104,False,1,"css,js",[DevTools] Add a Code Editor Sidebar Pane in the Chrome Sources Tab (#33968),0
3586a7f9e8ffb80ff98f41daca0e8a4070878718,Sebastian Markbåge,sebastian@calyptus.eu,1753280510,-381.0,,1,13,6,False,1,js,[DevTools] Allow file:/// urls to be opened in editor (#33965),0
f6fb1a07a5fda2aa436f6ddf9a31025945cd67b3,"Sebastian ""Sebbie"" Silbermann",sebastian.silbermann@vercel.com,1753258057,-22453.0,,6,27,12,False,1,js,[Flight] Remove superfluous whitespace when console method is called with non-strings (#33953),0
7513996f20e34070141aa605fe282ca6986915a0,Sebastian Markbåge,sebastian@calyptus.eu,1753195988,-62069.0,,19,158,167,False,1,"ts,js",[DevTools] Unify by using ReactFunctionLocation type instead of Source (#33955),0
bb4418d6470b95c7d487f3b73a9dc980edff6f06,Sebastian Markbåge,sebastian@calyptus.eu,1753133797,-62191.0,,2,50,12,False,1,"css,js",[DevTools] Linkify Source View (#33954),0
074e92777c22a56269647d614fdae80bf6406485,Jordan Brown,jmbrown@meta.com,1753128242,-5555.0,,28,262,112,False,1,"ts,js,md",Change autodeps configuration (#33800),0
ac7da9d46dbfacc6a2f5072a1b2fc9f432a857b9,"Sebastian ""Sebbie"" Silbermann",sebastian.silbermann@vercel.com,1753120438,-7804.0,,2,387,277,False,1,js,[Flight] Make it more obvious what the short name in the I/O description represents (#33944),0
0dca9c247182d7fc34aae7964c0856186e7d1f42,Sebastian Markbåge,sebastian@calyptus.eu,1753118530,-1908.0,,2,16,1,False,1,js,[Flight] Use the Promise of the first await even if that is cut off (#33948),0
b9af1404eac698c943b52c466b9c2e4aff85cf70,Sebastian Markbåge,sebastian@calyptus.eu,1753118477,-53.0,,2,239,184,False,1,js,[Flight] Use the JSX as the await stack if an await is not available (#33947),0
e9638c33d7e79162516b89da31549af4090997a5,Rubén Norte,rubennorte@meta.com,1753090066,-28411.0,,11,31,46,False,1,js,Clean up feature flag to use lazy public instances in Fabric (#33943),0
28d4bc496b9c0dd2178caf894054ffce600311d3,Sebastian Markbåge,sebastian@calyptus.eu,1752970406,-119660.0,,4,375,120,False,1,js,[Flight] Make debug info and console log resolve in predictable order (#33665),0
dffacc7b8094576c19790fe8341996f743ba4a89,Jordan Brown,jmbrown@meta.com,1752755512,-214894.0,,69,246,272,False,1,"ts,js,md",InferEffectDeps takes a React.AUTODEPS sigil (#33799),0
da7487b6816b19310b02bb69b35d72e3d7aed3b3,Sebastian Markbåge,sebastian@calyptus.eu,1752695842,-59670.0,,2,568,284,False,1,js,[Flight] Skip the stack frame of built-in wrappers that create or await Promises (#33798),0
9fec565a9b9f78558323adff1013291cf46f7de7,Ruslan Lesiutin,28902667+hoxyq@users.noreply.github.com,1752685775,-10067.0,,1,1,0,False,1,js,fix: log renders from passive effects for only newly finished work (#33797),0
996d0eb05596ac40209a0a82810741a01442e97e,Jack Pope,jackpope1@gmail.com,1752684095,-1680.0,,1,25,19,False,1,yml,Allow runtime_build_and_test action to trigger manually (#33796),0
d85ec5f5bd778d09214e3429e7fd043c4a152242,"Sebastian ""Sebbie"" Silbermann",sebastian.silbermann@vercel.com,1752664810,-19285.0,,1,15,14,False,1,js,[Flight] Assume `__turbopack_load_by_url__ ` returns a cached Promise (#33792),0
fe813143e23675963f92d25fa1fb35b39db40272,Henry Q. Dineen,henryqdineen@users.noreply.github.com,1752605420,-59390.0,,5,150,0,False,1,"ts,md,tsx",[compiler] Check TSAsExpression and TSNonNullExpression reorderability (#33788),0
2f0e7e570d3a99adc2a18e7575d1d2bb69660e1f,Sebastian Markbåge,sebastian@calyptus.eu,1752594334,-11086.0,,1,20,0,False,1,js,[Flight] Don't block on debug channel if it's not wired up (#33757),0
56d0ddae18993eb696ab41d0fc5041948b88024a,"Sebastian ""Sebbie"" Silbermann",sebastian.silbermann@vercel.com,1752591331,-3003.0,,7,7,7,False,2,js,[Flight] Switch to `__turbopack_load_by_url__` (#33791),0
345ca24f13b19e81ace433ba94521c0017511af1,"Sebastian ""Sebbie"" Silbermann",sebastian.silbermann@vercel.com,1752556980,-34351.0,,1,0,162,False,1,js,[Flight] Remove unused fork configs (#33785),0
97cdd5d3c33eda77be4f96a43f72d6916d3badbb,Jordan Brown,jmbrown@meta.com,1752180672,-376308.0,,2,78,70,False,1,"ts,js",[eslint] Do not allow useEffectEvent fns to be called in arbitrary closures (#33544),0
eb7f8b42c92ed804bbf7f700d2bdda276d591007,Sebastian Markbåge,sebastian@calyptus.eu,1752178964,-1708.0,,25,997,240,False,1,js,[Flight] Add Separate Outgoing Debug Channel (#33754),0
eed25607629f5e67f13f53e91edec12b3388559f,Sebastian Markbåge,sebastian@calyptus.eu,1752178617,-347.0,,1,4,0,False,1,js,[Flight] Treat empty message as a close signal (#33756),0
463b808176ad7c9429a4981bb45a1da225fd4b85,Josh Story,story@hey.com,1752174729,-3888.0,,2,12,9,False,1,js,[Fizz] Reset the segent id assignment when postponing the root (#33755),0
96c61b7f1f145b9fe5103051b636959cdeb20cc8,Joseph Savona,6425824+josephsavona@users.noreply.github.com,1752125060,-49669.0,,4,22,11,False,1,"ts,md",[compiler] Add CompilerError.UnsupportedJS variant (#33750),0
0bfa404bacbad78af5b39c080ba67535f2e53044,Joseph Savona,6425824+josephsavona@users.noreply.github.com,1752125047,-13.0,,1,36,21,False,1,ts,[compiler] More precise errors for invalid import/export/namespace statements (#33748),0
81e1ee7476a68fdf13c63d3002e5ef1b699b6842,Joseph Savona,6425824+josephsavona@users.noreply.github.com,1752124862,-185.0,,7,179,17,False,1,"ts,js,md,tsx","[compiler] Support inline enums (flow/ts), type declarations (#33747)",0
4a3ff8eed65f96cda7617150f92de3544d5ddf6a,Joseph Savona,6425824+josephsavona@users.noreply.github.com,1752124710,-152.0,,4,73,4,False,1,"ts,js,md","[compiler] Errors for eval(), with statments, class declarations (#33746)",0
ec4374c3872b320af60f322289c30cd3d7066bdf,Joseph Savona,6425824+josephsavona@users.noreply.github.com,1752078169,-46541.0,,1,11,1,False,1,tsx,[compiler] Show logged errors in playground (#33740),0
60b5271a9ad0e9eec2489b999ce774d39d09285b,Sebastian Markbåge,sebastian@calyptus.eu,1752072236,-5933.0,,1,6,2,False,1,js,[Flight] Call finishHaltedTask on sync aborted tasks in stream abort listeners (#33743),0
033edca72199f5b0dac87e4662b6a4d32a9610ce,Sebastian Markbåge,sebastian@calyptus.eu,1752071948,-288.0,,1,1,45,False,1,js,[Flight] Yolo Retention of Promises (#33737),0
e6dc25daea3d949fa5eae3bdffb8b6b79e30fc82,Sebastian Markbåge,sebastian@calyptus.eu,1752066507,-5441.0,,2,83,2,False,1,js,[Flight] Always defer Promise values if they're not already resolved (#33742),0
150f022444466266bc09302b8fd47c3e4ce4d791,Sebastian Markbåge,sebastian@calyptus.eu,1752066489,-18.0,,7,286,5,False,2,js,[Flight] Ignore async stack frames when determining if a Promise was created from user space (#33739,0
49ded1d12a4c2771f4fa6e4592de2f97184700a9,Sebastian Markbåge,sebastian@calyptus.eu,1752066426,-63.0,,1,43,23,False,1,js,[Flight] Optimize Retention of Weak Promises Abit (#33736),0
